”„œ„«—◊”∑π          8        98       2        
œ„¿±»‚Àø∑π          8        97       3        
…’∂πΩ«∑π            6        76       24       
ƒæ∂˙≥¥»‚∑π          8        86       14       
…’∂πΩ«∑π            6        75       25       
…’∂πΩ«∑π            6        74       26       
…’∂πΩ«∑π            6        73       27       
”„œ„«—◊”∑π          8        97       3        
”„œ„«—◊”∑π          8        96       4        
…’∂πΩ«∑π            6        72       28       
”„œ„«—◊”∑π          8        95       5        
ƒæ∂˙≥¥»‚∑π          8        85       15       
”„œ„«—◊”∑π          8        94       6        
∫Ï…’∂π∏ØÃ◊≤Õ        6        90       10       
…’∂πΩ«∑π            6        71       29       
…’∂πΩ«∑π            6        70       30       
…’∂πΩ«∑π            6        69       31       
…’∂πΩ«∑π            6        68       32       
…’∂πΩ«∑π            6        67       33       
∫Ï…’Õ¡∂πÃ◊≤Õ        6        73       27       
∫Ï…’Õ¡∂πÃ◊≤Õ        6        72       28       
…’∂πΩ«∑π            6        66       34       
…’∂πΩ«∑π            6        65       35       
…’∂πΩ«∑π            6        64       36       
…’∂πΩ«∑π            6        63       37       
…’∂πΩ«∑π            6        62       38       
…’∂πΩ«∑π            6        61       39       
∫Ï…’∂π∏ØÃ◊≤Õ        6        89       11       
∫Ï…’Õ¡∂πÃ◊≤Õ        6        71       29       
…’∂πΩ«∑π            6        60       40       
º‚Ω∑∏…∂π∏Ø∑π        8        98       2        
∫Ï…’Õ¡∂πÃ◊≤Õ        6        70       30       
∫Ï…’∂π∏ØÃ◊≤Õ        6        88       12       
∫Ï…’Õ¡∂πÃ◊≤Õ        6        69       31       
…’∂πΩ«∑π            6        59       41       
∫Ï…’Õ¡∂πÃ◊≤Õ        6        68       32       
…’∂πΩ«∑π            6        58       42       
