…’∂πΩ«∑π            6        94       6        
…’∂πΩ«∑π            6        93       7        
…’∂πΩ«∑π            6        92       8        
…’∂πΩ«∑π            6        91       9        
…’∂πΩ«∑π            6        90       10       
…’∂πΩ«∑π            6        89       11       
…’∂πΩ«∑π            6        88       12       
∫Ï…’∂π∏ØÃ◊≤Õ        6        92       8        
≥¥«—◊”              7        98       2        
≥¥–°∞◊≤À            7        97       3        
∫Ï…’∂π∏Ø            7        97       3        
…’∂πΩ«∑π            6        87       13       
÷Ì»‚ÀÆΩ»            8        99       1        
