∫Ï…’Õ¡∂πÃ◊≤Õ        6        74       26       
”„œ„«—◊”∑π          8        99       1        
∫Ï…’∂π∏ØÃ◊≤Õ        6        91       9        
…’∂πΩ«∑π            6        86       14       
ƒæ∂˙≥¥»‚∑π          8        89       11       
ƒæ∂˙≥¥»‚∑π          8        88       12       
ƒæ∂˙≥¥»‚∑π          8        87       13       
…’∂πΩ«∑π            6        85       15       
…’∂πΩ«∑π            6        84       16       
…’∂πΩ«∑π            6        83       17       
…’∂πΩ«∑π            6        82       18       
…’∂πΩ«∑π            6        81       19       
…’∂πΩ«∑π            6        80       20       
…’∂πΩ«∑π            6        79       21       
…’∂πΩ«∑π            6        78       22       
…’∂πΩ«∑π            6        77       23       
≈£»‚ÀÆΩ»            8        99       1        
