¡π∆§                5        98       2        
¡π√Ê                5        100      0        
¡π∑€                5        100      0        
≈£»‚ÀÆΩ»            8        99       1        
÷Ì»‚ÀÆΩ»            8        99       1        
»˝œ ÀÆΩ»            8        100      0        
≈£»‚√Ê              8        100      0        
≈£»‚√◊œﬂ            8        99       1        
’®Ω¥√Ê              8        99       1        
√€÷≠≤Ê…’∑€          8        100      0        
≈£»‚∂π∏Øƒ‘          8        98       2        
